Kayit1:  	2,77,79,69,68,95 	 	2. Kume
Kayit2:  	2,62,76,76,69,68 	 	2. Kume
Kayit3:  	2,50,97,87,50,75 	 	2. Kume
Kayit4:  	2,68,77,95,76,61 	 	2. Kume
Kayit5:  	2,98,54,59,95,86 	 	2. Kume
Kayit6:  	3,52,109,93,52,76 	 	2. Kume
Kayit7:  	3,64,85,82,73,69 	 	2. Kume
Kayit8:  	3,54,107,92,54,76 	 	2. Kume
Kayit9:  	3,64,108,64,54,93 	 	2. Kume
Kayit10:  	3,86,76,74,74,103 	 	2. Kume
Kayit11:  	3,107,54,64,103,94 	 	2. Kume
Kayit12:  	3,103,60,63,102,93 	 	2. Kume
Kayit13:  	3,64,82,82,75,69 	 	2. Kume
Kayit14:  	3,93,54,74,103,69 	 	2. Kume
Kayit15:  	3,63,82,81,78,69 	 	2. Kume
Kayit16:  	3,82,79,75,75,82 	 	2. Kume
Kayit17:  	5,59,131,103,54,86 	 	2. Kume
Kayit18:  	5,56,124,108,56,85 	 	2. Kume
Kayit19:  	4,85,67,111,65,72 	 	2. Kume
Kayit20:  	5,114,83,65,114,102 	 	2. Kume
Kayit21:  	4,93,82,79,79,90 	 	2. Kume
Kayit22:  	4,105,52,75,113,78 	 	2. Kume
Kayit23:  	5,69,118,74,66,101 	 	2. Kume
Kayit24:  	4,71,123,64,59,102 	 	2. Kume
Kayit25:  	5,88,94,81,79,91 	 	2. Kume
Kayit26:  	5,83,99,89,74,91 	 	2. Kume
Kayit27:  	5,69,133,74,54,101 	 	2. Kume
Kayit28:  	5,128,53,74,117,105 	 	2. Kume
Kayit29:  	5,74,123,69,61,101 	 	2. Kume
Kayit30:  	5,79,93,118,90,72 	 	2. Kume
Kayit31:  	4,51,115,110,51,84 	 	2. Kume
Kayit32:  	5,69,93,93,81,79 	 	2. Kume
Kayit33:  	4,100,53,86,112,78 	 	2. Kume
Kayit34:  	4,88,69,108,71,77 	 	2. Kume
Kayit35:  	4,93,84,75,84,112 	 	2. Kume
Kayit36:  	4,79,86,110,93,73 	 	2. Kume
Kayit37:  	4,87,72,112,63,71 	 	2. Kume
Kayit38:  	5,65,128,79,56,101 	 	2. Kume
Kayit39:  	4,91,66,110,69,71 	 	2. Kume
Kayit40:  	4,93,79,74,92,90 	 	2. Kume
Kayit41:  	5,59,118,108,63,85 	 	2. Kume
Kayit42:  	5,65,103,90,80,79 	 	2. Kume
Kayit43:  	4,87,89,76,89,111 	 	2. Kume
Kayit44:  	4,93,85,79,85,91 	 	2. Kume
Kayit45:  	5,93,94,79,79,113 	 	2. Kume
Kayit46:  	5,74,130,74,53,101 	 	2. Kume
Kayit47:  	4,118,59,69,119,97 	 	2. Kume
Kayit48:  	4,101,61,76,113,78 	 	2. Kume
Kayit49:  	5,88,99,79,83,114 	 	2. Kume
Kayit50:  	4,74,87,87,79,79 	 	2. Kume
Kayit51:  	14,148,59,104,208,119 	 	1. Kume
Kayit52:  	5,93,89,74,89,93 	 	2. Kume
Kayit53:  	4,79,103,68,103,85 	 	2. Kume
Kayit54:  	4,76,92,111,90,71 	 	2. Kume
Kayit55:  	8,94,140,89,118,92 	 	4. Kume
Kayit56:  	8,108,109,89,89,143 	 	4. Kume
Kayit57:  	6,98,89,133,79,79 	 	2. Kume
Kayit58:  	8,84,118,102,94,90 	 	2. Kume
Kayit59:  	8,138,74,79,143,118 	 	1. Kume
Kayit60:  	6,74,109,103,89,88 	 	2. Kume
Kayit61:  	8,118,104,94,94,118 	 	4. Kume
Kayit62:  	8,94,128,89,128,99 	 	4. Kume
Kayit63:  	8,64,155,118,64,97 	 	4. Kume
Kayit64:  	6,84,108,138,103,79 	 	4. Kume
Kayit65:  	8,108,109,94,99,138 	 	4. Kume
Kayit66:  	6,89,108,128,116,81 	 	4. Kume
Kayit67:  	6,103,79,148,74,79 	 	2. Kume
Kayit68:  	6,103,109,99,89,108 	 	2. Kume
Kayit69:  	8,108,99,94,94,138 	 	4. Kume
Kayit70:  	8,108,109,104,79,133 	 	4. Kume
Kayit71:  	8,138,59,84,138,128 	 	1. Kume
Kayit72:  	8,79,143,113,69,109 	 	4. Kume
Kayit73:  	8,84,153,79,64,113 	 	4. Kume
Kayit74:  	8,74,148,118,64,104 	 	4. Kume
Kayit75:  	8,74,153,118,59,99 	 	4. Kume
Kayit76:  	6,118,64,101,133,92 	 	2. Kume
Kayit77:  	6,69,153,113,59,99 	 	4. Kume
Kayit78:  	6,123,68,89,128,90 	 	2. Kume
Kayit79:  	6,99,104,128,64,78 	 	2. Kume
Kayit80:  	6,124,59,84,143,88 	 	2. Kume
Kayit81:  	6,84,131,128,93,81 	 	4. Kume
Kayit82:  	6,113,64,89,141,86 	 	2. Kume
Kayit83:  	6,118,64,99,134,88 	 	2. Kume
Kayit84:  	8,89,143,84,64,118 	 	4. Kume
Kayit85:  	6,98,89,133,69,79 	 	2. Kume
Kayit86:  	6,98,104,109,91,101 	 	2. Kume
Kayit87:  	8,84,143,74,74,133 	 	4. Kume
Kayit88:  	8,123,64,93,148,90 	 	1. Kume
Kayit89:  	6,84,113,141,98,81 	 	4. Kume
Kayit90:  	6,59,148,125,59,97 	 	4. Kume
Kayit91:  	8,143,69,79,143,123 	 	1. Kume
Kayit92:  	8,94,133,84,125,97 	 	4. Kume
Kayit93:  	8,84,108,113,93,90 	 	2. Kume
Kayit94:  	8,84,138,89,69,123 	 	4. Kume
Kayit95:  	6,84,108,133,98,81 	 	4. Kume
Kayit96:  	6,99,84,138,69,83 	 	2. Kume
Kayit97:  	8,113,94,84,109,128 	 	2. Kume
Kayit98:  	6,148,64,74,138,128 	 	1. Kume
Kayit99:  	8,84,138,113,64,114 	 	4. Kume
Kayit100:  	6,98,79,138,79,79 	 	2. Kume
Kayit101:  	8,133,84,84,133,118 	 	1. Kume
Kayit102:  	6,79,113,106,87,88 	 	2. Kume
Kayit103:  	8,113,104,84,94,148 	 	4. Kume
Kayit104:  	6,69,138,113,79,99 	 	4. Kume
Kayit105:  	6,83,103,98,99,90 	 	2. Kume
Kayit106:  	8,69,143,123,71,97 	 	4. Kume
Kayit107:  	8,118,94,99,99,143 	 	4. Kume
Kayit108:  	6,74,133,99,74,113 	 	4. Kume
Kayit109:  	12,115,94,163,109,92 	 	4. Kume
Kayit110:  	12,123,124,109,114,168 	 	4. Kume
Kayit111:  	12,94,133,157,133,95 	 	4. Kume
Kayit112:  	12,104,123,163,128,89 	 	4. Kume
Kayit113:  	14,99,198,89,74,153 	 	3. Kume
Kayit114:  	14,113,148,99,148,110 	 	4. Kume
Kayit115:  	14,94,163,99,94,153 	 	4. Kume
Kayit116:  	12,133,104,119,129,133 	 	4. Kume
Kayit117:  	14,163,69,94,188,143 	 	1. Kume
Kayit118:  	12,74,158,158,74,119 	 	4. Kume
Kayit119:  	12,123,124,109,129,143 	 	4. Kume
Kayit120:  	12,94,137,148,113,100 	 	4. Kume
Kayit121:  	12,123,129,139,99,143 	 	4. Kume
Kayit122:  	12,89,163,99,79,143 	 	4. Kume
Kayit123:  	14,81,173,143,79,122 	 	4. Kume
Kayit124:  	14,135,84,158,139,92 	 	4. Kume
Kayit125:  	12,108,113,133,114,100 	 	4. Kume
Kayit126:  	14,138,119,119,124,158 	 	4. Kume
Kayit127:  	12,128,122,134,109,120 	 	4. Kume
Kayit128:  	14,79,203,153,69,119 	 	3. Kume
Kayit129:  	12,84,150,128,104,102 	 	4. Kume
Kayit130:  	12,148,69,104,173,138 	 	1. Kume
Kayit131:  	14,133,124,119,124,168 	 	3. Kume
Kayit132:  	12,89,128,148,111,102 	 	4. Kume
Kayit133:  	12,79,183,133,70,113 	 	4. Kume
Kayit134:  	12,96,113,113,99,97 	 	4. Kume
Kayit135:  	14,84,161,153,84,116 	 	4. Kume
Kayit136:  	12,109,135,158,123,92 	 	4. Kume
Kayit137:  	12,133,74,114,175,102 	 	1. Kume
Kayit138:  	14,133,139,124,109,128 	 	4. Kume
Kayit139:  	12,128,124,114,111,126 	 	4. Kume
Kayit140:  	10,97,123,108,119,111 	 	4. Kume
Kayit141:  	12,123,104,104,134,153 	 	4. Kume
Kayit142:  	10,113,89,168,89,89 	 	4. Kume
Kayit143:  	12,109,148,94,133,119 	 	4. Kume
Kayit144:  	10,165,64,94,173,97 	 	1. Kume
Kayit145:  	12,93,123,123,124,100 	 	4. Kume
Kayit146:  	14,143,98,119,163,105 	 	1. Kume
Kayit147:  	12,89,158,89,89,158 	 	4. Kume
Kayit148:  	10,113,111,153,84,97 	 	4. Kume
Kayit149:  	12,138,86,114,158,102 	 	1. Kume
Kayit150:  	12,79,158,148,69,119 	 	4. Kume
Kayit151:  	14,84,178,138,87,116 	 	4. Kume
Kayit152:  	14,84,168,148,80,113 	 	4. Kume
Kayit153:  	14,84,173,143,69,110 	 	4. Kume
Kayit154:  	12,104,130,178,118,92 	 	4. Kume
Kayit155:  	10,99,123,153,128,103 	 	4. Kume
Kayit156:  	12,93,128,118,119,100 	 	4. Kume
Kayit157:  	12,128,119,104,119,173 	 	4. Kume
Kayit158:  	14,94,178,109,69,143 	 	4. Kume
Kayit159:  	12,148,69,104,168,114 	 	1. Kume
Kayit160:  	12,113,114,109,119,143 	 	4. Kume
Kayit161:  	12,153,74,94,163,158 	 	1. Kume
Kayit162:  	22,139,163,114,203,139 	 	1. Kume
Kayit163:  	14,163,99,94,158,143 	 	1. Kume
Kayit164:  	12,89,178,89,79,153 	 	4. Kume
Kayit165:  	12,79,183,104,69,148 	 	4. Kume
Kayit166:  	12,168,69,84,198,133 	 	1. Kume
Kayit167:  	22,128,158,183,158,130 	 	3. Kume
Kayit168:  	22,129,188,109,104,198 	 	3. Kume
Kayit169:  	16,178,74,114,198,129 	 	1. Kume
Kayit170:  	20,143,139,139,139,148 	 	3. Kume
Kayit171:  	20,114,198,124,114,153 	 	3. Kume
Kayit172:  	18,105,158,143,129,133 	 	3. Kume
Kayit173:  	20,120,193,104,148,138 	 	3. Kume
Kayit174:  	20,98,193,163,99,140 	 	3. Kume
Kayit175:  	22,148,174,129,129,153 	 	3. Kume
Kayit176:  	20,183,104,164,193,153 	 	1. Kume
Kayit177:  	18,99,203,129,94,158 	 	3. Kume
Kayit178:  	22,139,178,139,163,144 	 	3. Kume
Kayit179:  	22,90,188,163,109,138 	 	3. Kume
Kayit180:  	18,163,84,129,193,139 	 	1. Kume
Kayit181:  	18,88,178,178,89,140 	 	3. Kume
Kayit182:  	18,114,144,213,133,128 	 	3. Kume
Kayit183:  	22,143,124,208,134,124 	 	3. Kume
Kayit184:  	20,188,94,104,208,158 	 	1. Kume
Kayit185:  	18,99,228,104,84,163 	 	3. Kume
Kayit186:  	18,178,94,114,188,173 	 	1. Kume
Kayit187:  	22,119,198,149,114,168 	 	3. Kume
Kayit188:  	20,114,203,109,84,158 	 	3. Kume
Kayit189:  	18,99,193,158,99,144 	 	3. Kume
Kayit190:  	22,153,139,154,154,183 	 	3. Kume
Kayit191:  	20,162,94,144,198,135 	 	1. Kume
Kayit192:  	18,132,149,139,119,144 	 	3. Kume
Kayit193:  	18,104,193,114,99,173 	 	3. Kume
Kayit194:  	18,99,183,128,114,129 	 	3. Kume
Kayit195:  	20,178,89,154,198,183 	 	1. Kume
Kayit196:  	20,114,243,104,79,173 	 	3. Kume
Kayit197:  	22,133,183,114,183,140 	 	3. Kume
Kayit198:  	22,148,149,154,149,148 	 	3. Kume
Kayit199:  	22,114,213,129,94,178 	 	3. Kume
Kayit200:  	22,188,124,114,183,188 	 	1. Kume
Kayit201:  	25,153,159,129,139,218 	 	3. Kume
Kayit202:  	18,114,153,178,138,124 	 	3. Kume
Kayit203:  	22,184,84,129,233,133 	 	1. Kume
Kayit204:  	18,84,193,188,80,138 	 	3. Kume
Kayit205:  	18,178,129,104,183,163 	 	1. Kume
Kayit206:  	18,114,163,163,148,124 	 	3. Kume
Kayit207:  	16,132,94,178,109,120 	 	4. Kume
Kayit208:  	20,93,183,178,89,140 	 	3. Kume
Kayit209:  	16,137,104,173,109,130 	 	4. Kume
Kayit210:  	18,153,74,114,188,129 	 	1. Kume
Kayit211:  	18,128,114,168,124,124 	 	4. Kume
Kayit212:  	22,114,228,119,99,168 	 	3. Kume
Kayit213:  	22,178,89,114,203,139 	 	1. Kume
Kayit214:  	18,173,84,99,193,158 	 	1. Kume
Kayit215:  	20,168,89,124,183,129 	 	1. Kume
Kayit216:  	18,83,198,163,84,140 	 	3. Kume
Kayit217:  	22,144,173,134,173,149 	 	3. Kume
Kayit218:  	18,198,64,89,203,153 	 	1. Kume
Kayit219:  	20,114,208,114,119,168 	 	3. Kume
Kayit220:  	18,114,183,114,109,178 	 	3. Kume
Kayit221:  	18,114,173,183,128,124 	 	3. Kume
Kayit222:  	18,128,134,188,89,124 	 	4. Kume
Kayit223:  	18,143,154,129,129,178 	 	3. Kume
Kayit224:  	18,128,163,173,133,130 	 	3. Kume
Kayit225:  	18,148,99,139,168,129 	 	1. Kume
Kayit226:  	18,83,218,163,74,140 	 	3. Kume
Kayit227:  	22,120,168,158,144,133 	 	3. Kume
Kayit228:  	22,203,99,104,223,173 	 	1. Kume
Kayit229:  	18,143,139,119,139,203 	 	3. Kume
Kayit230:  	22,153,144,139,144,193 	 	3. Kume
Kayit231:  	18,147,144,129,149,144 	 	3. Kume
Kayit232:  	18,188,74,109,213,168 	 	1. Kume
Kayit233:  	25,158,154,154,154,153 	 	3. Kume
Kayit234:  	25,104,208,168,134,144 	 	3. Kume
Kayit235:  	25,139,153,193,158,134 	 	3. Kume
Kayit236:  	25,84,247,168,109,140 	 	3. Kume
Kayit237:  	25,173,89,124,233,158 	 	1. Kume
Kayit238:  	8,93,119,99,89,138 	 	4. Kume
Kayit239:  	22,124,168,208,148,124 	 	3. Kume
Kayit240:  	18,114,158,178,158,124 	 	3. Kume
Kayit241:  	20,188,94,94,223,153 	 	1. Kume
Kayit242:  	25,114,238,124,104,178 	 	3. Kume
Kayit243:  	18,94,188,148,99,139 	 	3. Kume
Kayit244:  	25,129,318,94,89,188 	 	3. Kume
Kayit245:  	18,139,148,129,129,168 	 	3. Kume
Kayit246:  	22,114,228,104,84,168 	 	3. Kume
Kayit247:  	20,124,178,104,158,174 	 	3. Kume
Kayit248:  	20,133,149,139,144,213 	 	3. Kume
Kayit249:  	20,143,149,139,159,143 	 	3. Kume
1. Kume: 38
2. Kume: 72
3. Kume: 61
4. Kume: 78
WCSS:11099.193507233602
BCSS:19367.957534893274
DunnIndex:0.004735274404608252
